// main_control_unit test vectors
// format: opcode(bin) funct3(bin) funct7(bin) rs2_addr(bin) | expected outputs (bin):
//   RegWrite ALUSrcA[1:0] ALUSrcB ALUOp[1:0] MemRead MemWrite MemToReg Branch Jump Jalr
//   CSRAccess CSROp[1:0] CSRImm IsECALL IsEBREAK IsMRET Illegal
// ALUSrcA: 00 rs1, 01 PC, 10 zero. CSROp: 00 WRITE, 01 SET, 10 CLEAR. Illegal forces every other output to 0.
// R-type: every funct3 with funct7 0000000, SUB/SRA with 0100000, M extension with 0000001
0110011 000 0000000 00000 1 00 0 10 0 0 0 0 0 0 0 00 0 0 0 0 0
0110011 001 0000000 00000 1 00 0 10 0 0 0 0 0 0 0 00 0 0 0 0 0
0110011 010 0000000 00000 1 00 0 10 0 0 0 0 0 0 0 00 0 0 0 0 0
0110011 011 0000000 00000 1 00 0 10 0 0 0 0 0 0 0 00 0 0 0 0 0
0110011 100 0000000 00000 1 00 0 10 0 0 0 0 0 0 0 00 0 0 0 0 0
0110011 101 0000000 00000 1 00 0 10 0 0 0 0 0 0 0 00 0 0 0 0 0
0110011 110 0000000 00000 1 00 0 10 0 0 0 0 0 0 0 00 0 0 0 0 0
0110011 111 0000000 00000 1 00 0 10 0 0 0 0 0 0 0 00 0 0 0 0 0
0110011 000 0100000 00000 1 00 0 10 0 0 0 0 0 0 0 00 0 0 0 0 0
0110011 101 0100000 00000 1 00 0 10 0 0 0 0 0 0 0 00 0 0 0 0 0
0110011 000 0000001 00000 1 00 0 10 0 0 0 0 0 0 0 00 0 0 0 0 0
0110011 001 0000001 00000 1 00 0 10 0 0 0 0 0 0 0 00 0 0 0 0 0
0110011 010 0000001 00000 1 00 0 10 0 0 0 0 0 0 0 00 0 0 0 0 0
0110011 011 0000001 00000 1 00 0 10 0 0 0 0 0 0 0 00 0 0 0 0 0
0110011 100 0000001 00000 1 00 0 10 0 0 0 0 0 0 0 00 0 0 0 0 0
0110011 101 0000001 00000 1 00 0 10 0 0 0 0 0 0 0 00 0 0 0 0 0
0110011 110 0000001 00000 1 00 0 10 0 0 0 0 0 0 0 00 0 0 0 0 0
0110011 111 0000001 00000 1 00 0 10 0 0 0 0 0 0 0 00 0 0 0 0 0
// R-type illegal: funct7 0100000 outside SUB/SRA, other funct7 values
0110011 001 0100000 00000 0 00 0 00 0 0 0 0 0 0 0 00 0 0 0 0 1
0110011 111 0100000 00000 0 00 0 00 0 0 0 0 0 0 0 00 0 0 0 0 1
0110011 000 1000000 00000 0 00 0 00 0 0 0 0 0 0 0 00 0 0 0 0 1
0110011 000 1111111 00000 0 00 0 00 0 0 0 0 0 0 0 00 0 0 0 0 1
0110011 100 0100001 00000 0 00 0 00 0 0 0 0 0 0 0 00 0 0 0 0 1
// I-arith: funct7 is immediate for ADDI..ANDI; SLLI needs 0000000; SRLI/SRAI 0000000 or 0100000
0010011 000 1111111 00000 1 00 1 10 0 0 0 0 0 0 0 00 0 0 0 0 0
0010011 010 0000001 00000 1 00 1 10 0 0 0 0 0 0 0 00 0 0 0 0 0
0010011 011 0100000 00000 1 00 1 10 0 0 0 0 0 0 0 00 0 0 0 0 0
0010011 100 1111111 00000 1 00 1 10 0 0 0 0 0 0 0 00 0 0 0 0 0
0010011 110 0000001 00000 1 00 1 10 0 0 0 0 0 0 0 00 0 0 0 0 0
0010011 111 1010101 00000 1 00 1 10 0 0 0 0 0 0 0 00 0 0 0 0 0
0010011 001 0000000 00000 1 00 1 10 0 0 0 0 0 0 0 00 0 0 0 0 0
0010011 101 0000000 00000 1 00 1 10 0 0 0 0 0 0 0 00 0 0 0 0 0
0010011 101 0100000 00000 1 00 1 10 0 0 0 0 0 0 0 00 0 0 0 0 0
// I-arith illegal: SLLI funct7 != 0000000, SRLI/SRAI funct7 not 0000000/0100000 (shamt[5] set)
0010011 001 0100000 00000 0 00 0 00 0 0 0 0 0 0 0 00 0 0 0 0 1
0010011 001 0000001 00000 0 00 0 00 0 0 0 0 0 0 0 00 0 0 0 0 1
0010011 101 0000001 00000 0 00 0 00 0 0 0 0 0 0 0 00 0 0 0 0 1
0010011 101 0100001 00000 0 00 0 00 0 0 0 0 0 0 0 00 0 0 0 0 1
// loads LB LH LW LBU LHU; funct3 011, 110, 111 illegal
0000011 000 0000000 00000 1 00 1 00 1 0 1 0 0 0 0 00 0 0 0 0 0
0000011 001 0000000 00000 1 00 1 00 1 0 1 0 0 0 0 00 0 0 0 0 0
0000011 010 0000000 00000 1 00 1 00 1 0 1 0 0 0 0 00 0 0 0 0 0
0000011 011 0000000 00000 0 00 0 00 0 0 0 0 0 0 0 00 0 0 0 0 1
0000011 100 0000000 00000 1 00 1 00 1 0 1 0 0 0 0 00 0 0 0 0 0
0000011 101 0000000 00000 1 00 1 00 1 0 1 0 0 0 0 00 0 0 0 0 0
0000011 110 0000000 00000 0 00 0 00 0 0 0 0 0 0 0 00 0 0 0 0 1
0000011 111 0000000 00000 0 00 0 00 0 0 0 0 0 0 0 00 0 0 0 0 1
// stores SB SH SW; funct3 >= 011 illegal
0100011 000 0000000 00000 0 00 1 00 0 1 0 0 0 0 0 00 0 0 0 0 0
0100011 001 0000000 00000 0 00 1 00 0 1 0 0 0 0 0 00 0 0 0 0 0
0100011 010 0000000 00000 0 00 1 00 0 1 0 0 0 0 0 00 0 0 0 0 0
0100011 011 0000000 00000 0 00 0 00 0 0 0 0 0 0 0 00 0 0 0 0 1
0100011 100 0000000 00000 0 00 0 00 0 0 0 0 0 0 0 00 0 0 0 0 1
0100011 101 0000000 00000 0 00 0 00 0 0 0 0 0 0 0 00 0 0 0 0 1
0100011 110 0000000 00000 0 00 0 00 0 0 0 0 0 0 0 00 0 0 0 0 1
0100011 111 0000000 00000 0 00 0 00 0 0 0 0 0 0 0 00 0 0 0 0 1
// branches; funct3 010, 011 illegal
1100011 000 0000000 00000 0 00 0 01 0 0 0 1 0 0 0 00 0 0 0 0 0
1100011 001 0000000 00000 0 00 0 01 0 0 0 1 0 0 0 00 0 0 0 0 0
1100011 010 0000000 00000 0 00 0 00 0 0 0 0 0 0 0 00 0 0 0 0 1
1100011 011 0000000 00000 0 00 0 00 0 0 0 0 0 0 0 00 0 0 0 0 1
1100011 100 0000000 00000 0 00 0 01 0 0 0 1 0 0 0 00 0 0 0 0 0
1100011 101 0000000 00000 0 00 0 01 0 0 0 1 0 0 0 00 0 0 0 0 0
1100011 110 0000000 00000 0 00 0 01 0 0 0 1 0 0 0 00 0 0 0 0 0
1100011 111 0000000 00000 0 00 0 01 0 0 0 1 0 0 0 00 0 0 0 0 0
// JAL (ALU = PC + imm)
1101111 000 0000000 00000 1 01 1 00 0 0 0 0 1 0 0 00 0 0 0 0 0
1101111 111 1111111 00000 1 01 1 00 0 0 0 0 1 0 0 00 0 0 0 0 0
// JALR; funct3 != 000 illegal
1100111 000 0000000 00000 1 00 1 00 0 0 0 0 0 1 0 00 0 0 0 0 0
1100111 001 0000000 00000 0 00 0 00 0 0 0 0 0 0 0 00 0 0 0 0 1
1100111 100 0000000 00000 0 00 0 00 0 0 0 0 0 0 0 00 0 0 0 0 1
// LUI: zero + imm, ALUOp 00; the random funct3 bits of the immediate are ignored
0110111 101 0001001 00000 1 10 1 00 0 0 0 0 0 0 0 00 0 0 0 0 0
0110111 000 0000000 00000 1 10 1 00 0 0 0 0 0 0 0 00 0 0 0 0 0
// AUIPC: PC + imm
0010111 000 0000000 00000 1 01 1 00 0 0 0 0 0 0 0 00 0 0 0 0 0
0010111 011 1111111 00000 1 01 1 00 0 0 0 0 0 0 0 00 0 0 0 0 0
// FENCE (000) and FENCE.I (001) are NOPs; other MISC-MEM funct3 illegal
0001111 000 0000000 00000 0 00 0 00 0 0 0 0 0 0 0 00 0 0 0 0 0
0001111 001 0000000 00000 0 00 0 00 0 0 0 0 0 0 0 00 0 0 0 0 0
0001111 010 0000000 00000 0 00 0 00 0 0 0 0 0 0 0 00 0 0 0 0 1
0001111 111 0000000 00000 0 00 0 00 0 0 0 0 0 0 0 00 0 0 0 0 1
// SYSTEM funct3 000 on the full funct12: ECALL 000, EBREAK 001, MRET 302, WFI 105 (NOP)
1110011 000 0000000 00000 0 00 0 00 0 0 0 0 0 0 0 00 0 1 0 0 0
1110011 000 0000000 00001 0 00 0 00 0 0 0 0 0 0 0 00 0 0 1 0 0
1110011 000 0011000 00010 0 00 0 00 0 0 0 0 0 0 0 00 0 0 0 1 0
1110011 000 0001000 00101 0 00 0 00 0 0 0 0 0 0 0 00 0 0 0 0 0
// SYSTEM malformed funct12 -> Illegal (the old decoder turned these into ECALL)
1110011 000 0011000 00000 0 00 0 00 0 0 0 0 0 0 0 00 0 0 0 0 1
1110011 000 0000000 00010 0 00 0 00 0 0 0 0 0 0 0 00 0 0 0 0 1
1110011 000 0001000 00010 0 00 0 00 0 0 0 0 0 0 0 00 0 0 0 0 1
1110011 000 1111111 11111 0 00 0 00 0 0 0 0 0 0 0 00 0 0 0 0 1
1110011 000 0000001 00000 0 00 0 00 0 0 0 0 0 0 0 00 0 0 0 0 1
// CSRRW/CSRRS/CSRRC and CSRRWI/CSRRSI/CSRRCI; funct3 100 illegal
1110011 001 0011000 00000 1 00 0 00 0 0 0 0 0 0 1 00 0 0 0 0 0
1110011 010 1100000 00000 1 00 0 00 0 0 0 0 0 0 1 01 0 0 0 0 0
1110011 011 1100000 00000 1 00 0 00 0 0 0 0 0 0 1 10 0 0 0 0 0
1110011 101 1100000 00000 1 00 0 00 0 0 0 0 0 0 1 00 1 0 0 0 0
1110011 110 1100000 00000 1 00 0 00 0 0 0 0 0 0 1 01 1 0 0 0 0
1110011 111 1100000 00000 1 00 0 00 0 0 0 0 0 0 1 10 1 0 0 0 0
1110011 100 0011000 00000 0 00 0 00 0 0 0 0 0 0 0 00 0 0 0 0 1
// unknown opcodes, including the all-zero word and compressed-looking encodings
0000000 000 0000000 00000 0 00 0 00 0 0 0 0 0 0 0 00 0 0 0 0 1
1111111 000 0000000 00000 0 00 0 00 0 0 0 0 0 0 0 00 0 0 0 0 1
0001011 000 0000000 00000 0 00 0 00 0 0 0 0 0 0 0 00 0 0 0 0 1
0101011 000 0000000 00000 0 00 0 00 0 0 0 0 0 0 0 00 0 0 0 0 1
1011011 000 0000000 00000 0 00 0 00 0 0 0 0 0 0 0 00 0 0 0 0 1
1111011 000 0000000 00000 0 00 0 00 0 0 0 0 0 0 0 00 0 0 0 0 1
0000111 000 0000000 00000 0 00 0 00 0 0 0 0 0 0 0 00 0 0 0 0 1
0100111 000 0000000 00000 0 00 0 00 0 0 0 0 0 0 0 00 0 0 0 0 1
1000011 000 0000000 00000 0 00 0 00 0 0 0 0 0 0 0 00 0 0 0 0 1
1010011 000 0000000 00000 0 00 0 00 0 0 0 0 0 0 0 00 0 0 0 0 1
0000001 000 0000000 00000 0 00 0 00 0 0 0 0 0 0 0 00 0 0 0 0 1
0000010 000 0000000 00000 0 00 0 00 0 0 0 0 0 0 0 00 0 0 0 0 1
0111111 000 0000000 00000 0 00 0 00 0 0 0 0 0 0 0 00 0 0 0 0 1
