// trap_unit test vectors (generated by sw/gen_unit_vectors.py)
// format: valid pc(hex) illegal is_ecall is_ebreak csr_access csr_illegal mem_read mem_write
//         funct3(bin) mem_addr_lo(bin) mem_addr(hex) irq_pending irq_allowed
//         expected: trap_req trap_cause(hex) trap_val(hex)   (x = don't care)
// Combinational: apply, wait 10 ns, compare.
// no trap: an ordinary instruction
1 00000100 0 0 0 0 0 0 0 010 00 20000000 0 1  0 xxxxxxxx xxxxxxxx
// bubble: nothing traps, whatever the controls say
0 00000100 0 1 0 0 0 0 0 010 00 20000000 1 1  0 xxxxxxxx xxxxxxxx
// illegal instruction, cause 2, mtval 0
1 00000100 1 0 0 0 0 0 0 010 00 20000000 0 1  1 00000002 00000000
// CSR access to an illegal CSR
1 00000100 0 0 0 1 1 0 0 010 00 20000000 0 1  1 00000002 00000000
// csr_illegal without a CSR access does not trap
1 00000100 0 0 0 0 1 0 0 010 00 20000000 0 1  0 xxxxxxxx xxxxxxxx
// EBREAK, cause 3, mtval = PC
1 00001234 0 0 1 0 0 0 0 010 00 20000000 0 1  1 00000003 00001234
// ECALL, cause 11 (machine mode, never 8)
1 00000100 0 1 0 0 0 0 0 010 00 20000000 0 1  1 0000000B 00000000
// loads and stores: word needs addr[1:0] = 0, halfword addr[0] = 0, bytes never trap
1 00000100 0 0 0 0 0 1 0 000 00 20000100 0 1  0 xxxxxxxx xxxxxxxx
1 00000100 0 0 0 0 0 1 0 000 01 20000101 0 1  0 xxxxxxxx xxxxxxxx
1 00000100 0 0 0 0 0 1 0 000 10 20000102 0 1  0 xxxxxxxx xxxxxxxx
1 00000100 0 0 0 0 0 1 0 000 11 20000103 0 1  0 xxxxxxxx xxxxxxxx
1 00000100 0 0 0 0 0 1 0 001 00 20000100 0 1  0 xxxxxxxx xxxxxxxx
1 00000100 0 0 0 0 0 1 0 001 01 20000101 0 1  1 00000004 20000101
1 00000100 0 0 0 0 0 1 0 001 10 20000102 0 1  0 xxxxxxxx xxxxxxxx
1 00000100 0 0 0 0 0 1 0 001 11 20000103 0 1  1 00000004 20000103
1 00000100 0 0 0 0 0 1 0 010 00 20000100 0 1  0 xxxxxxxx xxxxxxxx
1 00000100 0 0 0 0 0 1 0 010 01 20000101 0 1  1 00000004 20000101
1 00000100 0 0 0 0 0 1 0 010 10 20000102 0 1  1 00000004 20000102
1 00000100 0 0 0 0 0 1 0 010 11 20000103 0 1  1 00000004 20000103
1 00000100 0 0 0 0 0 1 0 100 00 20000100 0 1  0 xxxxxxxx xxxxxxxx
1 00000100 0 0 0 0 0 1 0 100 01 20000101 0 1  0 xxxxxxxx xxxxxxxx
1 00000100 0 0 0 0 0 1 0 100 10 20000102 0 1  0 xxxxxxxx xxxxxxxx
1 00000100 0 0 0 0 0 1 0 100 11 20000103 0 1  0 xxxxxxxx xxxxxxxx
1 00000100 0 0 0 0 0 1 0 101 00 20000100 0 1  0 xxxxxxxx xxxxxxxx
1 00000100 0 0 0 0 0 1 0 101 01 20000101 0 1  1 00000004 20000101
1 00000100 0 0 0 0 0 1 0 101 10 20000102 0 1  0 xxxxxxxx xxxxxxxx
1 00000100 0 0 0 0 0 1 0 101 11 20000103 0 1  1 00000004 20000103
1 00000100 0 0 0 0 0 0 1 000 00 20000100 0 1  0 xxxxxxxx xxxxxxxx
1 00000100 0 0 0 0 0 0 1 000 01 20000101 0 1  0 xxxxxxxx xxxxxxxx
1 00000100 0 0 0 0 0 0 1 000 10 20000102 0 1  0 xxxxxxxx xxxxxxxx
1 00000100 0 0 0 0 0 0 1 000 11 20000103 0 1  0 xxxxxxxx xxxxxxxx
1 00000100 0 0 0 0 0 0 1 001 00 20000100 0 1  0 xxxxxxxx xxxxxxxx
1 00000100 0 0 0 0 0 0 1 001 01 20000101 0 1  1 00000006 20000101
1 00000100 0 0 0 0 0 0 1 001 10 20000102 0 1  0 xxxxxxxx xxxxxxxx
1 00000100 0 0 0 0 0 0 1 001 11 20000103 0 1  1 00000006 20000103
1 00000100 0 0 0 0 0 0 1 010 00 20000100 0 1  0 xxxxxxxx xxxxxxxx
1 00000100 0 0 0 0 0 0 1 010 01 20000101 0 1  1 00000006 20000101
1 00000100 0 0 0 0 0 0 1 010 10 20000102 0 1  1 00000006 20000102
1 00000100 0 0 0 0 0 0 1 010 11 20000103 0 1  1 00000006 20000103
// the misalignment check uses addr_lo, the fast adder output
1 00000100 0 0 0 0 0 1 0 010 01 20000100 0 1  1 00000004 20000100
1 00000100 0 0 0 0 0 1 0 010 00 20000101 0 1  0 xxxxxxxx xxxxxxxx
// interrupt: taken when allowed, before any exception of the same instruction
1 00000100 0 0 0 0 0 0 0 010 00 20000000 1 1  1 8000000B 00000000
1 00000100 0 0 0 0 0 0 0 010 00 20000000 1 0  0 xxxxxxxx xxxxxxxx
1 00000100 0 1 0 0 0 0 0 010 00 20000000 1 1  1 8000000B 00000000
1 00000100 0 1 0 0 0 0 0 010 00 20000000 1 0  1 0000000B 00000000
1 00000100 1 0 0 0 0 0 0 010 00 20000000 1 1  1 8000000B 00000000
1 00000100 0 0 0 0 0 1 0 010 01 20000000 1 1  1 8000000B 00000000
0 00000100 0 0 0 0 0 0 0 010 00 20000000 1 1  0 xxxxxxxx xxxxxxxx
// random
1 E684460A 0 0 0 0 1 0 0 101 01 FCB687A2 0 1  0 xxxxxxxx xxxxxxxx
1 07735B00 0 0 0 0 0 0 1 001 10 8D9F499A 1 1  1 8000000B 00000000
1 49D2BF3E 0 0 0 0 1 0 1 001 10 4061AB3F 0 0  0 xxxxxxxx xxxxxxxx
1 C93E4D4C 0 0 0 0 0 0 1 101 01 E2EFC97D 1 1  1 8000000B 00000000
1 B9FDF27A 0 0 0 0 0 1 1 000 10 5EA733CF 0 1  0 xxxxxxxx xxxxxxxx
0 8130C99A 0 0 0 0 1 0 0 101 11 F3A36FBB 1 1  0 xxxxxxxx xxxxxxxx
1 C82A0510 0 0 1 0 0 1 0 001 10 59D6CF20 0 1  1 00000003 C82A0510
0 D1329568 0 0 0 0 0 1 1 001 01 65F751D7 0 1  0 xxxxxxxx xxxxxxxx
1 CFCA235C 1 0 0 1 0 0 0 101 11 CAF90C17 0 1  1 00000002 00000000
1 022FFF4E 0 0 1 0 0 0 1 000 10 E168C27C 0 1  1 00000003 022FFF4E
1 26BBAB52 0 0 0 0 1 1 0 101 00 8DF334EF 0 0  0 xxxxxxxx xxxxxxxx
1 E30B456A 1 0 0 0 0 0 0 000 11 258CC014 0 0  1 00000002 00000000
1 61EE65D6 0 0 0 0 0 0 0 001 01 118D3F22 0 1  0 xxxxxxxx xxxxxxxx
1 262265AE 0 0 0 0 0 0 0 100 10 E08BEC20 0 0  0 xxxxxxxx xxxxxxxx
1 FD1FA4C6 0 0 0 0 0 1 0 001 00 67050886 0 1  0 xxxxxxxx xxxxxxxx
1 CA358B62 0 0 0 0 0 0 0 000 00 E73492E5 0 0  0 xxxxxxxx xxxxxxxx
1 1B1F1AE8 1 0 0 0 1 1 1 101 00 2DC2C466 0 1  1 00000002 00000000
1 ABA4F9F2 0 0 0 1 0 0 0 101 00 1DE503FC 0 1  0 xxxxxxxx xxxxxxxx
1 AB35D836 0 0 0 0 1 0 0 101 00 822C5095 0 0  0 xxxxxxxx xxxxxxxx
1 2238FADC 0 0 0 0 0 0 1 101 10 347FF811 0 0  0 xxxxxxxx xxxxxxxx
1 D6A9075A 0 0 0 0 0 0 0 010 11 EE2F34A0 0 1  0 xxxxxxxx xxxxxxxx
1 417E9BAE 0 0 0 0 0 0 0 100 11 9EC1C1CB 0 1  0 xxxxxxxx xxxxxxxx
1 A775B420 0 0 0 1 0 0 0 010 10 0AAA2984 1 1  1 8000000B 00000000
1 B3562D76 0 0 1 0 0 0 0 010 11 511C64EB 0 1  1 00000003 B3562D76
1 9162500A 0 0 0 0 1 0 0 010 10 A4141651 1 0  0 xxxxxxxx xxxxxxxx
1 9A105954 1 0 0 0 1 0 0 101 10 90A0EB3E 0 1  1 00000002 00000000
1 2E41BBC2 0 0 0 0 1 1 0 000 10 3AB2F0CE 1 1  1 8000000B 00000000
1 3B143660 0 0 0 1 0 0 0 101 10 BB02D353 0 1  0 xxxxxxxx xxxxxxxx
1 68D7A2B0 0 0 0 0 0 1 0 100 11 2725D973 0 0  0 xxxxxxxx xxxxxxxx
1 13A60BE2 0 0 0 1 1 0 0 000 11 AEF8532A 0 1  1 00000002 00000000
1 505AE364 0 0 0 0 1 0 0 001 11 E723D713 0 1  0 xxxxxxxx xxxxxxxx
0 E8806F3C 0 0 1 0 0 0 0 000 11 244BC691 0 1  0 xxxxxxxx xxxxxxxx
1 E154CEE2 0 0 0 0 0 0 1 101 11 72E1FDAD 1 1  1 8000000B 00000000
1 FDE72E9E 1 0 1 0 0 1 0 001 11 868AED21 0 1  1 00000002 00000000
1 985EF336 1 0 0 0 0 0 0 100 01 25FB83C7 0 1  1 00000002 00000000
1 328FC7CA 0 0 0 1 1 0 1 010 00 6691C01A 1 0  1 00000002 00000000
1 204575A8 0 0 0 0 1 0 0 001 11 D4269BE6 0 1  0 xxxxxxxx xxxxxxxx
1 60AC3FD2 0 0 1 0 0 0 0 100 01 86EC0093 0 1  1 00000003 60AC3FD2
1 BF2C5636 0 0 1 1 0 0 0 100 11 51BA08A8 1 1  1 8000000B 00000000
1 408022A2 0 0 0 0 0 0 1 010 00 E29E41F5 0 1  0 xxxxxxxx xxxxxxxx
1 3179CFF4 0 0 0 0 0 0 0 000 01 BC381477 0 0  0 xxxxxxxx xxxxxxxx
0 E819A9B4 0 0 0 0 1 0 0 001 00 C56002C1 0 1  0 xxxxxxxx xxxxxxxx
1 1E9B19E6 0 0 0 1 0 0 0 001 10 B1F89E85 1 1  1 8000000B 00000000
1 CCD082F6 0 0 0 0 0 0 1 000 10 2B9B09FC 1 1  1 8000000B 00000000
1 EEDB248C 0 0 0 0 0 0 0 010 01 C4724797 0 1  0 xxxxxxxx xxxxxxxx
1 3E6E5736 1 0 0 0 0 0 0 001 10 D1E3159A 0 1  1 00000002 00000000
1 269413D8 0 0 0 0 0 0 1 010 00 BD4B9150 0 1  0 xxxxxxxx xxxxxxxx
0 4E476AD8 0 0 0 0 0 0 0 000 10 A9CEE5A0 0 1  0 xxxxxxxx xxxxxxxx
1 C097B8EC 1 0 0 0 1 0 0 100 10 3C31A53E 0 0  1 00000002 00000000
1 CC540308 0 0 0 0 1 0 1 101 11 9B42363B 0 1  1 00000006 9B42363B
1 C7F206E6 0 0 0 0 0 0 0 001 11 AFE44AF3 0 1  0 xxxxxxxx xxxxxxxx
1 804B3A10 0 0 0 0 0 1 0 001 10 44761C32 0 0  0 xxxxxxxx xxxxxxxx
1 CC69B556 0 0 0 0 1 0 0 100 00 9583C5E2 0 1  0 xxxxxxxx xxxxxxxx
0 887362D2 0 0 0 0 1 0 0 001 10 6C54D9CD 0 1  0 xxxxxxxx xxxxxxxx
1 25EFF9D0 0 0 0 0 0 1 1 100 01 D48A82A0 1 1  1 8000000B 00000000
0 DB638304 1 0 0 0 0 0 0 000 10 F931AE4C 0 1  0 xxxxxxxx xxxxxxxx
1 8E78419C 0 0 0 1 0 1 0 000 10 4549EADF 0 1  0 xxxxxxxx xxxxxxxx
0 3FED89B4 0 0 0 0 0 0 1 000 11 C609BA1A 0 1  0 xxxxxxxx xxxxxxxx
1 3A51C766 0 0 0 1 1 1 0 010 11 B5D80188 0 1  1 00000002 00000000
1 CE8D5686 0 0 1 0 0 1 1 101 10 05C3390D 0 0  1 00000003 CE8D5686
0 1A707DFA 0 0 0 0 0 1 0 100 01 98B85893 0 1  0 xxxxxxxx xxxxxxxx
1 AD0083F8 0 0 0 0 0 0 0 100 10 CB36A930 0 0  0 xxxxxxxx xxxxxxxx
1 4E0FD3B4 0 0 1 0 0 1 0 001 11 45C4FC18 0 0  1 00000003 4E0FD3B4
1 59EF7652 0 0 1 0 1 0 1 101 01 00E518DD 0 1  1 00000003 59EF7652
1 CF52C232 0 0 0 0 0 0 0 101 10 E55C4035 0 1  0 xxxxxxxx xxxxxxxx
1 F28F0C12 0 0 1 0 0 0 1 001 10 3342121C 0 1  1 00000003 F28F0C12
1 14F51C6E 0 0 0 0 1 1 1 100 10 C50FE0BC 0 1  0 xxxxxxxx xxxxxxxx
1 30E8C3B0 0 0 0 0 0 0 0 100 11 449F770D 1 0  0 xxxxxxxx xxxxxxxx
1 4511A4FC 0 0 0 1 0 1 0 101 01 390D9178 0 0  1 00000004 390D9178
1 0D044A50 0 0 0 1 1 0 0 100 01 ADF300EC 1 1  1 8000000B 00000000
1 72673838 0 0 0 0 1 1 0 101 10 0C194984 0 0  0 xxxxxxxx xxxxxxxx
1 A0E06EA6 0 0 0 1 0 0 0 000 00 AB9D63CA 0 1  0 xxxxxxxx xxxxxxxx
1 80BDFA10 0 0 0 0 1 1 0 001 10 F6515DA3 0 1  0 xxxxxxxx xxxxxxxx
1 41353CB0 0 0 0 0 0 1 1 101 00 81166E4F 0 1  0 xxxxxxxx xxxxxxxx
1 BEF0CE0E 1 0 0 1 0 0 1 001 01 4902481B 0 1  1 00000002 00000000
1 3B60779A 0 0 0 0 0 0 0 100 10 D2FD708C 0 0  0 xxxxxxxx xxxxxxxx
1 38528758 0 0 0 0 0 0 0 000 11 D91D4A64 0 1  0 xxxxxxxx xxxxxxxx
0 7D9E7DB6 0 0 1 0 0 0 0 001 10 A0A3A38F 0 1  0 xxxxxxxx xxxxxxxx
1 9F5C5DB6 0 0 0 0 0 0 0 000 11 6A822095 0 1  0 xxxxxxxx xxxxxxxx
0 25089306 0 0 0 0 0 0 0 000 01 908E0067 0 1  0 xxxxxxxx xxxxxxxx
1 39A67BC8 1 0 0 0 0 1 0 000 00 F198CFD1 0 1  1 00000002 00000000
1 DE340B52 0 0 0 1 1 0 0 010 00 181F06CF 0 0  1 00000002 00000000
1 79A6821E 0 0 0 1 0 1 0 000 00 D4954519 0 1  0 xxxxxxxx xxxxxxxx
1 9201046A 0 0 0 0 0 0 0 000 11 0BEB9C45 0 1  0 xxxxxxxx xxxxxxxx
0 9C1A950A 0 0 0 1 0 1 0 001 01 80ACBAE6 0 1  0 xxxxxxxx xxxxxxxx
1 127A5362 0 0 1 1 0 0 0 000 01 5A036EEB 0 1  1 00000003 127A5362
1 2BDAA9D6 0 1 0 0 0 0 0 010 11 3CDDE242 0 0  1 0000000B 00000000
1 9B3C736C 0 0 0 0 0 0 0 100 11 9E246FEB 0 0  0 xxxxxxxx xxxxxxxx
1 1BA20770 0 0 1 0 0 0 0 010 00 27BCE639 1 0  1 00000003 1BA20770
1 E73F0E6C 0 0 0 0 0 1 0 001 10 63AAE4DC 0 0  0 xxxxxxxx xxxxxxxx
0 E286FFA0 0 0 0 0 1 0 0 010 01 CD8A262A 0 1  0 xxxxxxxx xxxxxxxx
0 1DDD5A18 0 1 0 0 0 0 0 100 01 8D4A16E2 0 0  0 xxxxxxxx xxxxxxxx
1 A613C224 0 0 0 0 1 1 0 000 11 B21B1164 0 1  0 xxxxxxxx xxxxxxxx
1 E89EC8E2 0 0 0 1 0 0 0 100 10 9612F941 0 1  0 xxxxxxxx xxxxxxxx
1 2820390A 0 0 0 1 1 0 0 101 11 89E559CD 0 0  1 00000002 00000000
1 3358DD18 0 0 1 0 0 1 0 100 11 0DAAC287 0 1  1 00000003 3358DD18
1 01023998 0 0 0 0 0 0 0 010 10 C1920E82 0 1  0 xxxxxxxx xxxxxxxx
1 6F91A35A 0 0 0 0 0 0 0 000 01 46F0944D 0 1  0 xxxxxxxx xxxxxxxx
1 307272F2 0 0 0 1 0 1 1 100 00 38097A72 0 1  0 xxxxxxxx xxxxxxxx
1 CF899E18 0 1 0 0 0 0 1 100 10 08009D4B 0 0  1 0000000B 00000000
1 745EAC54 0 0 0 0 0 0 0 010 11 4120553E 0 1  0 xxxxxxxx xxxxxxxx
1 9A43250E 0 0 0 0 0 0 0 101 00 83C1D670 1 1  1 8000000B 00000000
1 0EEC9F2E 0 0 0 0 0 1 0 100 00 B474172F 0 1  0 xxxxxxxx xxxxxxxx
1 A39628E8 0 1 0 0 1 1 0 101 10 46A766BC 0 1  1 0000000B 00000000
1 93D8A30E 0 0 0 0 1 1 0 001 10 76481F42 0 1  0 xxxxxxxx xxxxxxxx
1 ADFBFB2A 0 0 0 0 0 1 0 001 11 AB4BB96E 0 0  1 00000004 AB4BB96E
1 2EDF4AA2 0 1 0 1 0 1 1 001 10 A8B988B5 0 1  1 0000000B 00000000
1 F92ADBE6 1 1 0 0 1 0 1 101 01 827A0FD2 0 1  1 00000002 00000000
1 54B0E3F2 0 0 0 0 1 1 0 001 01 29FBF7F2 0 0  1 00000004 29FBF7F2
1 518E25AA 0 0 0 0 0 0 0 001 00 7E9D3A05 0 1  0 xxxxxxxx xxxxxxxx
0 ECC0DAFA 0 0 0 0 0 0 0 001 11 04528457 0 1  0 xxxxxxxx xxxxxxxx
1 2627A75E 1 0 1 1 1 0 0 000 11 A8991760 0 1  1 00000002 00000000
1 0F2987F0 0 0 0 0 1 0 0 010 01 5E15F771 0 1  0 xxxxxxxx xxxxxxxx
1 7550997E 0 0 0 0 1 0 0 001 11 2C29D4C5 0 1  0 xxxxxxxx xxxxxxxx
1 116EA828 0 0 0 0 0 0 0 010 00 98A1292B 0 0  0 xxxxxxxx xxxxxxxx
1 538B17D2 0 0 0 0 0 0 0 000 01 928A97F0 0 0  0 xxxxxxxx xxxxxxxx
1 00B5A9D2 1 0 0 0 0 0 0 101 00 79D59F90 0 0  1 00000002 00000000
1 B175B3EC 0 0 1 0 0 0 0 001 00 3ED24296 0 1  1 00000003 B175B3EC
1 A7E5FCB4 0 0 0 0 0 0 0 001 00 4FEBAFEF 0 1  0 xxxxxxxx xxxxxxxx
1 30C358A8 0 0 1 0 0 0 0 100 11 809F8C44 0 1  1 00000003 30C358A8
1 35FB11D2 0 0 0 0 0 0 0 010 10 FA1B9C4F 0 1  0 xxxxxxxx xxxxxxxx
1 4DC0D91C 0 0 0 0 0 0 1 010 10 C0B37FF6 0 1  1 00000006 C0B37FF6
1 DAFF8AF4 0 0 0 0 1 0 0 100 01 99762C17 0 1  0 xxxxxxxx xxxxxxxx
1 D1D998CE 0 1 0 0 0 0 1 000 11 D1916771 0 0  1 0000000B 00000000
1 F9B0BAAE 0 0 0 0 0 1 0 001 00 8850CABC 0 1  0 xxxxxxxx xxxxxxxx
1 E3A1E0B4 0 0 0 0 0 0 0 000 00 60774811 0 0  0 xxxxxxxx xxxxxxxx
1 6DE7EBF0 0 0 0 0 0 0 0 101 10 18653100 0 1  0 xxxxxxxx xxxxxxxx
1 FA667CAC 0 0 0 1 1 0 0 101 00 06FA181A 0 1  1 00000002 00000000
1 90081B34 0 1 1 0 1 1 0 101 11 71411DCF 1 1  1 8000000B 00000000
1 645B13D2 0 0 0 0 1 0 0 000 00 CA461E8A 0 0  0 xxxxxxxx xxxxxxxx
1 D96FEF30 0 0 0 0 1 0 0 010 00 6441A53D 1 1  1 8000000B 00000000
1 BA9D146A 0 0 0 0 0 0 0 100 11 81B6D445 0 1  0 xxxxxxxx xxxxxxxx
1 E92EC5B4 0 0 0 0 0 1 1 101 01 09221342 0 1  1 00000004 09221342
1 6FB9FF0A 0 0 0 1 1 0 0 100 01 AFFB7E32 1 0  1 00000002 00000000
1 C7A0802E 1 1 0 0 0 0 0 000 00 1F235D77 0 0  1 00000002 00000000
1 6D72A072 0 0 0 0 0 0 1 000 01 E8E48C6F 0 1  0 xxxxxxxx xxxxxxxx
1 E3C6D030 0 0 0 1 0 0 1 101 10 D3D8BBA8 0 1  0 xxxxxxxx xxxxxxxx
1 952C4A1A 0 0 0 0 0 1 0 100 11 A7074C35 0 1  0 xxxxxxxx xxxxxxxx
1 C8F04E08 0 0 0 0 0 0 0 010 10 817F8F1A 0 1  0 xxxxxxxx xxxxxxxx
1 8AC78D74 0 0 0 0 0 1 0 100 10 3CF25E1D 0 1  0 xxxxxxxx xxxxxxxx
1 F73457B4 1 0 0 0 0 0 0 010 00 9072D6AE 0 1  1 00000002 00000000
1 741A17EE 0 0 0 0 1 1 1 001 10 64D0E7AB 0 1  0 xxxxxxxx xxxxxxxx
1 4AE28AD8 0 0 0 0 1 0 0 000 10 69C603C4 0 0  0 xxxxxxxx xxxxxxxx
1 946C7630 0 0 0 0 0 0 0 010 00 DDF06966 0 1  0 xxxxxxxx xxxxxxxx
1 139CB052 0 0 0 0 1 0 0 101 00 61A02BBB 0 1  0 xxxxxxxx xxxxxxxx
1 9E85B814 0 0 0 1 0 0 0 001 11 2D2FFD45 0 1  0 xxxxxxxx xxxxxxxx
1 EBB694EE 0 0 0 1 0 0 0 000 00 87C83C21 0 1  0 xxxxxxxx xxxxxxxx
1 162B974E 0 0 0 0 1 0 1 001 10 40815C24 1 1  1 8000000B 00000000
1 D6E6D3DE 0 0 0 0 1 1 1 101 11 AA04DF43 1 1  1 8000000B 00000000
1 90C728F2 0 0 0 1 1 1 1 010 01 3DB9A0D3 1 0  1 00000002 00000000
1 F62C4044 0 0 0 1 0 0 0 001 11 7BCFB796 0 0  0 xxxxxxxx xxxxxxxx
1 4BC11FE0 0 0 0 0 0 0 0 000 00 75663FC8 0 0  0 xxxxxxxx xxxxxxxx
1 0395EFC2 0 0 1 0 0 0 1 010 10 AE6FC967 0 1  1 00000003 0395EFC2
0 A83DF856 0 0 0 0 0 0 0 000 01 9041DC6A 0 0  0 xxxxxxxx xxxxxxxx
1 C3C4C318 0 0 0 0 0 0 1 101 11 F4A43FAC 0 0  1 00000006 F4A43FAC
1 9CDDD194 0 0 1 0 1 0 1 001 01 A6D45FD8 0 1  1 00000003 9CDDD194
1 3D2789D8 0 0 0 0 0 0 0 100 11 425C02BA 0 0  0 xxxxxxxx xxxxxxxx
0 47886EC8 0 0 0 1 0 0 1 101 01 30687F46 0 0  0 xxxxxxxx xxxxxxxx
1 E7450E12 0 0 0 0 0 1 1 010 11 C85F0EA4 0 0  1 00000004 C85F0EA4
1 6DB30712 0 0 1 1 1 0 1 000 11 1AC2513E 0 1  1 00000002 00000000
1 5493F3E2 0 0 0 0 0 0 1 000 00 AEED2AF8 0 0  0 xxxxxxxx xxxxxxxx
1 09B3104E 0 0 0 0 0 1 0 100 11 FDB80077 0 0  0 xxxxxxxx xxxxxxxx
1 3849D44A 0 1 0 0 0 1 0 100 11 52779D02 1 0  1 0000000B 00000000
1 BF83E0AA 0 0 0 0 0 1 1 001 11 93C2B0BA 0 0  1 00000004 93C2B0BA
1 F60D5302 0 0 0 0 0 1 0 100 11 8959FBC3 1 0  0 xxxxxxxx xxxxxxxx
1 7AB944F0 0 0 0 0 0 1 0 001 00 5BB8A1B8 0 0  0 xxxxxxxx xxxxxxxx
1 C788E7D8 0 0 0 1 1 0 0 000 00 530B9D4D 0 1  1 00000002 00000000
1 DDFA83C2 0 0 0 0 1 1 1 100 10 B654F869 0 1  0 xxxxxxxx xxxxxxxx
1 BFA158AA 0 0 0 1 0 1 1 000 01 BAB71DBE 1 1  1 8000000B 00000000
1 5C229132 0 0 0 0 0 0 0 000 10 13243B48 0 1  0 xxxxxxxx xxxxxxxx
1 A09FDFBA 0 0 0 0 0 0 1 000 10 405E74C1 0 0  0 xxxxxxxx xxxxxxxx
1 3C1C2F56 0 0 0 0 0 0 1 010 00 C64EC07A 0 1  0 xxxxxxxx xxxxxxxx
0 82A373C0 0 0 0 0 0 0 0 010 00 7A426920 0 0  0 xxxxxxxx xxxxxxxx
1 E09C1234 1 0 0 0 1 1 1 101 11 6F8C2049 0 1  1 00000002 00000000
1 09570B26 0 0 1 1 0 0 1 100 00 A23AE1D2 0 1  1 00000003 09570B26
1 831C7DCA 0 0 0 0 1 0 0 001 00 292D8217 0 1  0 xxxxxxxx xxxxxxxx
1 1783D542 0 1 1 0 0 0 0 010 00 714C09E9 1 1  1 8000000B 00000000
1 9E2F5B44 0 0 0 0 0 1 0 000 00 BFC435A3 0 1  0 xxxxxxxx xxxxxxxx
1 A58F93E4 0 0 0 0 0 0 1 001 11 C3020420 0 1  1 00000006 C3020420
1 AC1C75A0 0 0 0 1 0 0 0 000 11 3801B8E0 0 1  0 xxxxxxxx xxxxxxxx
1 6EBEF196 1 0 0 0 0 0 0 101 10 A0237DCE 0 1  1 00000002 00000000
1 40A644A8 0 0 0 1 0 0 1 000 01 F6954273 1 0  0 xxxxxxxx xxxxxxxx
1 7CA46E12 0 0 0 0 1 0 0 100 00 1518784F 0 1  0 xxxxxxxx xxxxxxxx
1 96BF481A 0 0 0 1 1 0 1 100 11 E97A65B9 0 1  1 00000002 00000000
1 4341B28E 0 0 0 0 0 0 0 100 11 17E9CBD0 1 0  0 xxxxxxxx xxxxxxxx
1 84C347A6 1 1 0 0 0 0 0 010 11 373D4A55 0 0  1 00000002 00000000
1 50CB882C 0 0 0 0 0 0 1 100 00 C96ACD7D 0 0  0 xxxxxxxx xxxxxxxx
1 BF287C5E 0 0 0 0 0 0 0 001 10 534464DA 1 0  0 xxxxxxxx xxxxxxxx
1 4A9B7572 1 0 0 0 0 0 1 001 11 CEA4A3EE 0 1  1 00000002 00000000
1 6FB7D560 0 0 0 0 0 0 1 101 11 F2EC9552 0 1  1 00000006 F2EC9552
1 1D7A2EA4 0 0 0 1 1 0 1 100 11 EE5D028D 0 0  1 00000002 00000000
1 915A17D6 0 0 0 0 0 0 0 001 11 9707E80D 0 0  0 xxxxxxxx xxxxxxxx
1 EF4C2FCE 0 0 1 0 1 1 0 101 00 E01B5C77 0 0  1 00000003 EF4C2FCE
1 2C73E50C 0 0 0 0 1 1 0 000 01 364024A1 0 1  0 xxxxxxxx xxxxxxxx
1 3822ADAA 0 0 0 0 0 1 1 100 01 46F06309 0 1  0 xxxxxxxx xxxxxxxx
1 63D38BFC 0 0 0 0 0 1 0 010 10 26835D33 0 0  1 00000004 26835D33
1 B781328C 0 0 0 0 0 0 0 000 10 5D3856F3 0 0  0 xxxxxxxx xxxxxxxx
1 EDB6266A 0 0 0 1 0 1 0 010 01 DB8B3D3F 0 1  1 00000004 DB8B3D3F
1 3811F538 1 0 0 0 0 0 0 101 00 0B79290B 0 1  1 00000002 00000000
1 0A822340 0 0 0 0 0 1 0 100 01 7583B40A 0 1  0 xxxxxxxx xxxxxxxx
1 2580098A 0 0 0 0 0 0 1 100 01 9EC338FF 0 1  0 xxxxxxxx xxxxxxxx
1 42C28734 0 0 0 0 0 1 0 001 01 8851AB14 0 0  1 00000004 8851AB14
1 FE65AA3E 0 0 0 0 0 0 0 010 10 4629EC71 0 1  0 xxxxxxxx xxxxxxxx
1 70B249D6 0 0 0 1 0 1 0 000 00 40900341 1 0  0 xxxxxxxx xxxxxxxx
1 52E42D84 0 0 0 0 0 1 1 101 10 AF984613 0 1  0 xxxxxxxx xxxxxxxx
1 BFAA5408 0 0 0 0 0 0 0 001 00 9DB08096 1 0  0 xxxxxxxx xxxxxxxx
1 67F02768 0 0 0 0 0 0 0 010 00 4CF206A2 0 1  0 xxxxxxxx xxxxxxxx
1 A2A8E148 0 0 0 1 0 1 1 010 01 B1B42B26 0 1  1 00000004 B1B42B26
1 C6AFA60E 0 1 0 0 0 0 1 001 11 2BC00F2E 0 0  1 0000000B 00000000
1 25815646 0 0 0 0 1 1 1 100 01 5F5047FE 1 1  1 8000000B 00000000
1 B0709C62 0 0 0 0 0 1 0 010 00 4A293EEA 0 1  0 xxxxxxxx xxxxxxxx
1 F9BB0D76 0 0 0 0 1 0 1 100 10 C78412E1 1 1  1 8000000B 00000000
1 3460BB6C 0 0 0 0 0 0 0 010 10 E265E3DB 0 0  0 xxxxxxxx xxxxxxxx
1 04382974 0 0 1 0 1 1 0 001 11 447CB506 0 1  1 00000003 04382974
1 1DB588D6 0 0 0 0 0 1 0 010 11 34B26D7E 0 1  1 00000004 34B26D7E
0 EB14D5FC 0 0 0 0 0 1 1 101 10 EB1F5FDD 1 0  0 xxxxxxxx xxxxxxxx
1 992491CE 0 0 0 1 1 1 1 000 10 BC454A46 0 1  1 00000002 00000000
1 8D8E3FC0 0 1 0 1 1 0 0 010 00 47BFFC29 0 0  1 00000002 00000000
1 43651002 0 0 1 0 0 0 1 101 01 7D541C93 0 1  1 00000003 43651002
0 F2204632 0 0 1 0 0 0 0 010 10 93E46695 1 0  0 xxxxxxxx xxxxxxxx
1 33069294 0 0 0 0 1 0 1 010 01 E1C09D57 0 0  1 00000006 E1C09D57
1 B2F7B18C 0 0 1 0 0 1 0 101 10 11A65647 0 1  1 00000003 B2F7B18C
1 D7CC73B6 0 0 0 0 1 1 1 001 11 02952DEE 1 1  1 8000000B 00000000
1 CEDD40BA 0 0 0 1 1 1 1 001 10 057EE40E 0 1  1 00000002 00000000
1 8D80D57C 0 0 0 0 0 0 0 101 00 83A9B399 1 1  1 8000000B 00000000
0 0B5B1702 0 0 0 0 0 0 1 001 11 B14C768E 0 1  0 xxxxxxxx xxxxxxxx
1 42945E78 0 0 0 0 0 0 0 000 01 5AF9906F 0 1  0 xxxxxxxx xxxxxxxx
0 AB6ACF54 0 0 0 0 0 0 0 101 11 D64DDD57 0 1  0 xxxxxxxx xxxxxxxx
1 36D9DB36 0 0 0 1 0 0 1 001 10 8700A7C1 1 1  1 8000000B 00000000
1 331CEF9C 0 0 0 0 0 1 0 101 00 09BEF287 0 1  0 xxxxxxxx xxxxxxxx
1 AABA251E 0 0 0 0 1 0 0 010 10 932DC913 0 0  0 xxxxxxxx xxxxxxxx
1 196B0A06 0 0 0 0 0 0 0 100 00 208977FA 0 0  0 xxxxxxxx xxxxxxxx
1 38583630 0 1 0 0 0 0 0 101 10 A942DB11 0 1  1 0000000B 00000000
1 C3CCA08E 0 0 0 1 1 0 1 000 10 58D7443E 0 1  1 00000002 00000000
1 192F0024 0 0 0 1 0 0 0 010 00 D5B086C4 0 1  0 xxxxxxxx xxxxxxxx
1 6B5AFBF2 0 0 0 0 0 1 0 010 11 C52CB01B 0 1  1 00000004 C52CB01B
1 D1C1C9FE 0 0 0 0 0 0 1 010 01 4B794BD9 0 1  1 00000006 4B794BD9
1 1B2DDE70 0 0 0 1 0 0 0 010 10 6D1AE129 0 1  0 xxxxxxxx xxxxxxxx
1 6F1CF1EC 0 0 0 0 0 0 1 001 01 23C5D053 0 0  1 00000006 23C5D053
1 7D9E446A 0 0 0 0 0 0 0 101 11 736B52A1 0 1  0 xxxxxxxx xxxxxxxx
1 6E0A0B10 0 0 0 0 0 0 0 101 00 E4869410 0 1  0 xxxxxxxx xxxxxxxx
1 55047A28 0 0 0 0 1 0 0 101 11 7FD49067 0 1  0 xxxxxxxx xxxxxxxx
1 EE7AC9FC 0 0 0 0 0 0 0 001 11 B617B35B 0 1  0 xxxxxxxx xxxxxxxx
1 CBC74B04 0 0 0 0 0 0 0 000 11 E3DCCA71 1 0  0 xxxxxxxx xxxxxxxx
1 AE5EAD76 0 0 1 0 0 0 1 001 00 5054DBFC 1 1  1 8000000B 00000000
1 A59B1D98 0 0 0 0 1 0 1 000 11 FAF92CF4 0 1  0 xxxxxxxx xxxxxxxx
1 7EF151CE 0 1 0 0 0 0 0 010 01 3A4D6FF5 0 1  1 0000000B 00000000
1 DC558750 0 0 0 0 0 0 0 100 10 C274AC30 0 0  0 xxxxxxxx xxxxxxxx
1 F23C4C46 1 0 0 1 0 0 0 000 10 5D1E7F14 0 1  1 00000002 00000000
1 30F9E8D0 0 0 0 0 0 0 1 101 10 93E92BEC 1 1  1 8000000B 00000000
1 8D51B108 0 0 1 1 0 0 0 010 11 8F83EAED 0 1  1 00000003 8D51B108
1 7C10DD76 0 0 0 0 0 0 0 101 10 BBB82454 0 1  0 xxxxxxxx xxxxxxxx
1 76A24E00 0 0 0 1 0 1 0 001 10 7045AD0F 0 1  0 xxxxxxxx xxxxxxxx
1 5262B6FA 0 0 0 1 1 0 0 101 00 DCA87664 0 1  1 00000002 00000000
1 CE3A4CB4 0 0 0 0 0 0 0 000 10 10503B4E 0 1  0 xxxxxxxx xxxxxxxx
1 FEF2FEF2 0 0 0 0 1 0 0 010 11 3AE18682 0 0  0 xxxxxxxx xxxxxxxx
1 C8DF92D2 0 0 0 0 1 1 0 010 01 B3680AC3 0 0  1 00000004 B3680AC3
1 5C2EFEB4 0 0 0 0 0 0 1 101 01 1777D96E 0 1  1 00000006 1777D96E
1 CF3BDFCA 0 0 0 0 0 1 0 010 00 9B52E464 0 0  0 xxxxxxxx xxxxxxxx
1 97E6FA5E 0 0 0 0 0 0 1 010 11 1F6EEECF 0 0  1 00000006 1F6EEECF
1 59889228 1 0 0 0 0 1 0 100 10 164C2165 0 1  1 00000002 00000000
1 FF0E5D98 0 0 0 0 0 0 1 101 11 F4041AE4 1 1  1 8000000B 00000000
0 3B268B94 0 0 0 0 0 0 1 010 00 B86B52E6 0 1  0 xxxxxxxx xxxxxxxx
1 F8D72338 0 0 0 0 0 0 0 000 01 662E0E7E 0 1  0 xxxxxxxx xxxxxxxx
1 E9140FB8 1 0 0 0 0 1 0 000 11 7F841E3D 0 1  1 00000002 00000000
1 81967482 0 0 0 1 0 0 0 001 11 1B8BD60A 0 0  0 xxxxxxxx xxxxxxxx
0 0119591E 1 0 0 0 0 0 0 010 01 206262C9 0 1  0 xxxxxxxx xxxxxxxx
1 150B98BA 0 0 1 0 1 1 0 100 10 42B3D026 0 1  1 00000003 150B98BA
1 5D76F5FE 0 1 0 0 0 1 0 001 11 CCCB65E6 0 1  1 0000000B 00000000
1 A92AB764 0 0 0 0 0 0 1 001 11 CBE9E333 0 1  1 00000006 CBE9E333
1 8A04A9F0 0 0 0 0 0 0 0 001 11 9926C9B4 0 1  0 xxxxxxxx xxxxxxxx
1 4DB33406 0 0 0 0 0 0 0 001 00 E40D580D 0 1  0 xxxxxxxx xxxxxxxx
1 80D9B5DC 0 0 0 0 1 0 1 000 10 43A889A6 0 1  0 xxxxxxxx xxxxxxxx
1 E08AEAFC 1 0 1 1 0 0 0 100 11 D7A55497 0 1  1 00000002 00000000
1 AB57F9C6 1 0 1 0 0 0 1 001 11 9A148DE8 0 1  1 00000002 00000000
0 176A6630 0 0 0 0 0 0 1 100 10 591E1CD0 1 1  0 xxxxxxxx xxxxxxxx
1 AD5B7226 0 0 1 0 0 0 1 010 10 A5E41450 0 1  1 00000003 AD5B7226
0 9EF5FA16 0 0 1 1 0 1 0 000 00 FDE8FC88 0 1  0 xxxxxxxx xxxxxxxx
1 79639EAC 0 0 0 0 1 0 1 001 11 6E6B6144 0 1  1 00000006 6E6B6144
1 F22F553C 0 0 0 0 0 1 0 100 11 601A727A 1 0  0 xxxxxxxx xxxxxxxx
1 C35CB8E4 0 0 0 0 1 1 0 101 00 EAEB9043 0 0  0 xxxxxxxx xxxxxxxx
0 AC27A162 0 0 0 0 0 0 0 100 11 F6B87329 0 1  0 xxxxxxxx xxxxxxxx
1 FDA4F0F6 0 0 0 0 0 0 0 010 00 8EB218D9 0 0  0 xxxxxxxx xxxxxxxx
1 3586538E 0 0 0 0 1 0 0 000 01 9F2504ED 0 0  0 xxxxxxxx xxxxxxxx
1 81E1F2B2 0 0 0 1 0 0 1 101 10 5B2A4422 0 1  0 xxxxxxxx xxxxxxxx
1 41D5D3DA 0 0 0 0 1 1 0 001 11 7C293908 0 0  1 00000004 7C293908
1 141E41F2 0 0 0 0 1 0 0 000 01 7FC7AB48 0 1  0 xxxxxxxx xxxxxxxx
1 52631466 0 0 0 0 0 0 0 100 11 73E68229 0 1  0 xxxxxxxx xxxxxxxx
1 27DCF63E 1 0 0 0 0 1 0 100 11 87AB13E7 0 0  1 00000002 00000000
1 1FAE4A8A 0 0 0 0 0 0 0 101 10 0ECF0C9C 0 1  0 xxxxxxxx xxxxxxxx
1 0EA397C4 0 0 0 0 0 0 1 101 11 600E4671 0 0  1 00000006 600E4671
1 19FEC3D2 0 0 0 0 1 1 0 001 10 F2C9D385 0 1  0 xxxxxxxx xxxxxxxx
1 99EBB530 0 1 0 0 0 1 0 000 00 B71ADBF2 0 1  1 0000000B 00000000
1 0510E10E 0 0 0 1 0 0 1 010 00 2E16E383 0 1  0 xxxxxxxx xxxxxxxx
1 76776DD4 0 1 0 0 1 0 0 010 11 2084DE07 0 1  1 0000000B 00000000
1 D0CBDFFE 0 1 0 0 0 1 0 101 01 BA8359B3 0 1  1 0000000B 00000000
0 A20B61E6 0 0 0 0 0 0 0 000 00 F68C0E56 0 0  0 xxxxxxxx xxxxxxxx
1 D95C7B3E 0 0 0 0 0 0 0 100 00 6E0D0C26 0 1  0 xxxxxxxx xxxxxxxx
1 22450272 0 0 0 0 0 0 1 001 01 BBF779F2 1 1  1 8000000B 00000000
1 305AD168 0 0 0 0 0 0 0 100 11 22B75D68 0 1  0 xxxxxxxx xxxxxxxx
1 5403E5FA 0 0 0 0 0 1 1 100 01 D75A7106 0 1  0 xxxxxxxx xxxxxxxx
1 2309A7AA 0 1 0 0 0 1 0 100 00 221F04EC 0 0  1 0000000B 00000000
1 91EA62CA 0 0 0 1 0 0 0 010 01 92288350 0 1  0 xxxxxxxx xxxxxxxx
1 60735940 1 0 0 0 0 0 0 010 11 2DD86C43 0 1  1 00000002 00000000
0 AC5A71A4 0 0 0 0 0 0 0 010 11 E08A41C0 1 1  0 xxxxxxxx xxxxxxxx
1 70756A32 0 0 0 1 0 1 1 101 11 978658AD 1 1  1 8000000B 00000000
1 4A2780FE 0 0 0 0 0 0 0 001 01 0ABEFDEB 0 0  0 xxxxxxxx xxxxxxxx
1 5409D7FE 0 0 0 0 0 0 0 000 11 1BC398D2 0 1  0 xxxxxxxx xxxxxxxx
1 65FE73A6 1 0 0 0 0 1 0 010 10 25E10389 0 0  1 00000002 00000000
1 4C412D58 0 0 0 0 1 1 0 100 10 9F970A35 0 1  0 xxxxxxxx xxxxxxxx
0 FBA82622 0 1 0 0 0 0 0 001 11 E1F28689 0 1  0 xxxxxxxx xxxxxxxx
1 CE035F5A 0 0 0 1 1 0 0 001 00 E438269E 0 1  1 00000002 00000000
1 CF5E0DC2 0 0 0 0 0 0 1 001 11 58CF5A83 1 0  1 00000006 58CF5A83
1 E184816A 0 0 0 0 0 0 0 100 00 F803245B 0 1  0 xxxxxxxx xxxxxxxx
1 0D78AC00 0 0 0 0 1 1 0 100 00 F0115AD3 0 1  0 xxxxxxxx xxxxxxxx
1 027F10AA 0 1 0 0 1 0 0 101 11 FFE9A2A4 0 1  1 0000000B 00000000
1 0C09E56E 0 0 0 1 1 0 0 010 10 775B7702 0 1  1 00000002 00000000
1 E1CA95F2 0 0 0 1 0 0 0 010 10 BCA2483A 1 0  0 xxxxxxxx xxxxxxxx
1 BE12732E 0 0 0 0 1 0 1 001 00 C46A0643 0 1  0 xxxxxxxx xxxxxxxx
1 21A6C45A 0 0 0 0 0 0 1 000 10 58641ABD 0 1  0 xxxxxxxx xxxxxxxx
1 3AFD19B6 0 0 0 1 0 0 1 101 01 28199839 0 0  1 00000006 28199839
1 86BCA558 0 0 0 0 0 0 0 001 10 5F9D55F2 0 1  0 xxxxxxxx xxxxxxxx
1 89B940C4 0 0 0 1 0 0 1 000 01 B15C9B68 1 1  1 8000000B 00000000
1 F76E632A 0 0 0 0 0 0 1 100 11 D65C7BE3 0 1  0 xxxxxxxx xxxxxxxx
1 6530DD9A 0 0 0 0 0 0 0 001 00 13E3CCB2 0 0  0 xxxxxxxx xxxxxxxx
1 5ADF5752 0 0 1 0 0 0 0 010 01 9BACC56C 1 1  1 8000000B 00000000
1 F678A3FA 0 0 0 0 0 0 0 001 01 E48A29E1 0 0  0 xxxxxxxx xxxxxxxx
1 5F24FC3C 0 0 0 0 0 0 0 101 10 4501D0BE 0 1  0 xxxxxxxx xxxxxxxx
1 186B394E 0 0 0 0 0 0 0 000 00 DCE11965 0 1  0 xxxxxxxx xxxxxxxx
1 1C83D776 0 0 0 0 0 1 0 100 10 1EE836F5 0 0  0 xxxxxxxx xxxxxxxx
1 C125200A 1 0 0 0 1 0 0 100 00 5D9E39F5 0 0  1 00000002 00000000
1 0058CAAE 0 0 0 0 0 0 0 101 00 CE590CB2 0 1  0 xxxxxxxx xxxxxxxx
1 C72D2A6E 0 0 0 1 0 0 1 010 10 12A59D1E 0 1  1 00000006 12A59D1E
1 65AC3394 0 0 1 0 0 0 0 000 00 2EAF1860 0 0  1 00000003 65AC3394
1 6B2B98CC 0 0 0 0 1 1 0 100 11 E18E2EF8 0 1  0 xxxxxxxx xxxxxxxx
1 597AE6EA 0 0 0 0 1 1 1 001 01 D488BAE9 0 0  1 00000004 D488BAE9
0 0C5E45BC 0 0 0 0 0 0 0 100 01 0771D694 0 0  0 xxxxxxxx xxxxxxxx
1 D85BB494 0 0 0 0 1 0 0 010 10 554E0F58 0 1  0 xxxxxxxx xxxxxxxx
1 1F423798 0 0 0 0 1 0 0 000 00 D6F45506 0 1  0 xxxxxxxx xxxxxxxx
0 7BB9C4FA 0 0 0 1 1 1 0 001 01 E0454524 0 1  0 xxxxxxxx xxxxxxxx
1 DED5F100 1 0 0 0 0 1 0 010 10 B3675460 0 1  1 00000002 00000000
0 F72E251C 0 0 0 0 0 1 0 000 10 09FD80EC 0 1  0 xxxxxxxx xxxxxxxx
1 F4E70820 0 0 0 1 1 0 1 010 00 35DC2170 0 0  1 00000002 00000000
1 6F5C98CA 0 0 0 1 1 0 0 101 10 BC3937DB 0 0  1 00000002 00000000
1 331F1D2E 0 0 0 0 0 0 0 000 10 D82BE9A9 0 0  0 xxxxxxxx xxxxxxxx
1 699931E8 0 0 0 0 1 0 0 010 01 A8C3CEF9 1 1  1 8000000B 00000000
1 3961C900 0 0 0 0 0 0 0 010 10 C6A60290 0 1  0 xxxxxxxx xxxxxxxx
1 5EE29D80 0 0 0 1 0 1 0 000 01 9367B886 1 0  0 xxxxxxxx xxxxxxxx
0 7DD3E3D4 1 0 0 1 0 0 0 000 01 681891D2 0 1  0 xxxxxxxx xxxxxxxx
1 D322FA92 0 0 0 1 0 0 0 001 01 1932CCE1 0 1  0 xxxxxxxx xxxxxxxx
1 B4FC985A 0 0 0 0 0 0 0 010 11 71F3B2CA 1 1  1 8000000B 00000000
1 432278A0 0 0 0 1 0 1 0 101 11 0BDE6C66 0 1  1 00000004 0BDE6C66
1 A5FD5726 0 0 0 0 0 1 0 010 01 C3340019 1 1  1 8000000B 00000000
1 CFFC9A32 0 0 0 0 0 1 0 001 10 E9C44193 0 1  0 xxxxxxxx xxxxxxxx
1 92549430 0 0 0 0 1 0 0 101 00 C49E7FAB 0 0  0 xxxxxxxx xxxxxxxx
1 9591DE02 0 0 0 0 0 1 0 001 10 3CD750A6 0 0  0 xxxxxxxx xxxxxxxx
1 45F74D2E 1 0 0 0 0 0 0 000 00 A9399BF0 1 1  1 8000000B 00000000
1 F08899B0 0 0 0 0 1 0 0 001 01 90A138C0 1 1  1 8000000B 00000000
0 D3985C10 0 1 0 0 0 0 0 001 10 3998CCAA 1 1  0 xxxxxxxx xxxxxxxx
1 E01085C4 0 0 0 0 1 0 1 000 00 CE018AE9 0 1  0 xxxxxxxx xxxxxxxx
1 DD0E1540 0 0 0 0 0 0 0 010 01 32C960D3 0 1  0 xxxxxxxx xxxxxxxx
1 458CAFFA 0 0 0 1 1 0 1 100 11 27894C58 1 0  1 00000002 00000000
1 47332962 0 0 0 0 0 0 0 101 10 834C3FDD 0 1  0 xxxxxxxx xxxxxxxx
1 76BF0356 0 0 0 0 0 0 0 100 10 99A7EA07 0 1  0 xxxxxxxx xxxxxxxx
1 5FBD5F62 0 0 0 0 0 0 1 000 11 FB260A6C 0 0  0 xxxxxxxx xxxxxxxx
1 12706F38 0 0 0 0 1 0 1 001 00 14041AE9 0 1  0 xxxxxxxx xxxxxxxx
1 465C4266 1 0 0 0 1 0 0 001 11 70A6C6B2 1 1  1 8000000B 00000000
1 B93D5E9A 0 0 0 0 1 1 1 101 01 6C12E5EC 0 0  1 00000004 6C12E5EC
0 A7E3CE60 0 0 0 0 0 0 0 000 01 50698081 0 0  0 xxxxxxxx xxxxxxxx
1 1CE3DE02 0 0 1 0 0 0 0 010 11 37D3C4E6 1 1  1 8000000B 00000000
1 141170A0 0 0 0 0 0 1 0 000 10 D1877181 0 1  0 xxxxxxxx xxxxxxxx
1 DA2F87A4 1 0 0 1 1 1 1 001 10 D7848A1B 0 0  1 00000002 00000000
1 C6BF4526 0 0 0 1 0 0 1 101 10 0F06662B 0 1  0 xxxxxxxx xxxxxxxx
1 AF8AB4A4 0 0 0 1 0 0 0 010 10 98028900 0 1  0 xxxxxxxx xxxxxxxx
1 A03EF674 0 0 1 0 1 0 1 001 11 451A885D 0 0  1 00000003 A03EF674
1 0B2C24CE 0 0 0 0 1 0 1 000 10 704234C8 0 1  0 xxxxxxxx xxxxxxxx
1 DDF794FE 0 0 0 0 1 0 0 010 10 3943814A 0 0  0 xxxxxxxx xxxxxxxx
1 AC9672F6 0 0 1 0 0 1 0 100 00 8673B273 0 1  1 00000003 AC9672F6
0 0461DB98 0 1 0 0 0 1 1 101 00 C9265952 1 0  0 xxxxxxxx xxxxxxxx
0 2E8B811A 0 1 0 0 0 0 1 101 11 277E108C 0 1  0 xxxxxxxx xxxxxxxx
1 B01D92BC 0 1 0 0 1 0 0 000 11 A30570C1 0 0  1 0000000B 00000000
1 792B539A 0 0 0 0 1 0 1 010 01 1BD0E268 0 0  1 00000006 1BD0E268
1 46AF2BF4 0 0 0 0 1 1 0 101 11 0E8F6793 0 1  1 00000004 0E8F6793
1 32DD1F2E 0 0 0 1 1 0 0 000 00 1678AEAB 0 0  1 00000002 00000000
1 5388B5BC 0 1 0 1 1 0 1 001 00 7D079E03 0 1  1 00000002 00000000
1 FA99859E 0 0 0 0 0 1 0 100 11 3821DC31 1 1  1 8000000B 00000000
1 E57FF8FC 0 0 0 0 0 0 0 010 01 872BA07B 0 1  0 xxxxxxxx xxxxxxxx
1 DA67457A 0 0 0 0 1 0 1 001 00 8C22A210 0 1  0 xxxxxxxx xxxxxxxx
1 5912820A 0 0 0 0 0 0 0 101 11 7A694DD2 0 0  0 xxxxxxxx xxxxxxxx
1 6B7A09F2 0 0 0 0 0 0 0 000 11 80CAAFCE 0 0  0 xxxxxxxx xxxxxxxx
1 9A234380 0 0 0 1 0 1 1 000 11 7F6C508A 1 1  1 8000000B 00000000
1 5BACAFA2 1 0 0 0 1 0 0 000 00 27188B7C 1 1  1 8000000B 00000000
1 07934B5E 0 0 0 0 1 1 0 100 00 B56B4536 0 1  0 xxxxxxxx xxxxxxxx
1 4CFCB666 0 0 0 0 1 0 0 001 01 220247FB 0 0  0 xxxxxxxx xxxxxxxx
1 9215ECBE 0 0 1 0 1 1 1 001 01 BD7D143C 0 1  1 00000003 9215ECBE
1 107A80C4 0 0 1 0 1 1 1 010 10 A0C557A9 0 1  1 00000003 107A80C4
1 1D190E10 0 0 1 0 0 0 0 100 00 985E02E9 0 1  1 00000003 1D190E10
0 79269162 0 0 0 0 0 0 1 100 01 88EFF2EE 0 1  0 xxxxxxxx xxxxxxxx
1 6D4ADF3C 1 0 0 0 0 0 0 001 11 C918D8A4 1 0  1 00000002 00000000
1 ADB5490C 0 0 0 0 0 0 0 100 01 2D510A6B 0 0  0 xxxxxxxx xxxxxxxx
